{
 "cells": [
  {
   "cell_type": "markdown",
   "id": "190aa316",
   "metadata": {},
   "source": [
    "# 02 — Spatial scoring and cell-type composition\n",
    "\n",
    "This notebook scores each spatial spot against the reference-derived cell-type signatures and converts those scores into relative cell-type composition estimates."
   ]
  },
  {
   "cell_type": "code",
   "execution_count": 1,
   "id": "022e6649",
   "metadata": {},
   "outputs": [],
   "source": [
    "from pathlib import Path\n",
    "import sys\n",
    "\n",
    "import pandas as pd\n",
    "\n",
    "sys.path.append(str(Path(\"..\").resolve()))\n",
    "\n",
    "from src.analysis import (\n",
    "    GENE_COLUMNS,\n",
    "    compute_celltype_signatures,\n",
    "    load_reference,\n",
    "    load_spatial_expression,\n",
    "    normalise_scores_to_composition,\n",
    "    score_spots_against_signatures,\n",
    ")\n",
    "from src.plotting import save_celltype_composition_heatmap"
   ]
  },
  {
   "cell_type": "markdown",
   "id": "ad750d05",
   "metadata": {},
   "source": [
    "## Conceptual setup\n",
    "\n",
    "- Each spatial spot is represented as a vector of gene expression values.\n",
    "- We compare each spot to each cell-type signature using a similarity measure.\n",
    "\n",
    "In this implementation, we use cosine similarity as a simple proxy for how well a spot matches a given cell type."
   ]
  },
  {
   "cell_type": "code",
   "execution_count": 5,
   "id": "b87834cd",
   "metadata": {},
   "outputs": [
    {
     "data": {
      "text/plain": [
       "(  spot_id  GeneA  GeneB  GeneC  GeneD  GeneE\n",
       " 0      s1      7      2      2      1      2\n",
       " 1      s2      2      8      3      2      7\n",
       " 2      s3      2      1      8      7      1\n",
       " 3      s4      3      3      5      4      6\n",
       " 4      s5      6      3      2      1      2,\n",
       "     cell_type     GeneA     GeneB     GeneC     GeneD     GeneE\n",
       " 0  Epithelial  1.666667  0.666667  8.000000  7.333333  1.333333\n",
       " 1     Myeloid  0.666667  8.000000  3.333333  1.666667  7.333333\n",
       " 2     Stromal  2.666667  2.333333  4.666667  4.666667  7.666667\n",
       " 3      T_cell  8.000000  2.333333  0.666667  0.333333  1.666667)"
      ]
     },
     "execution_count": 5,
     "metadata": {},
     "output_type": "execute_result"
    }
   ],
   "source": [
    "spatial_df = load_spatial_expression(\"../data/raw/spatial_expression.csv\")\n",
    "signatures_df = pd.read_csv(\"../data/output/celltype_signatures.csv\")\n",
    "\n",
    "spatial_df.head(), signatures_df.head()"
   ]
  },
  {
   "cell_type": "markdown",
   "id": "4d663bbe",
   "metadata": {},
   "source": [
    "## Spot-to-cell-type scoring\n",
    "\n",
    "Each row corresponds to a spatial spot.\n",
    "\n",
    "Each column corresponds to a cell type.\n",
    "\n",
    "Values represent similarity between the spot expression profile and the cell-type signature.\n",
    "\n",
    "Higher values indicate stronger similarity."
   ]
  },
  {
   "cell_type": "code",
   "execution_count": 3,
   "id": "6a391326",
   "metadata": {},
   "outputs": [
    {
     "data": {
      "text/html": [
       "<div>\n",
       "<style scoped>\n",
       "    .dataframe tbody tr th:only-of-type {\n",
       "        vertical-align: middle;\n",
       "    }\n",
       "\n",
       "    .dataframe tbody tr th {\n",
       "        vertical-align: top;\n",
       "    }\n",
       "\n",
       "    .dataframe thead th {\n",
       "        text-align: right;\n",
       "    }\n",
       "</style>\n",
       "<table border=\"1\" class=\"dataframe\">\n",
       "  <thead>\n",
       "    <tr style=\"text-align: right;\">\n",
       "      <th></th>\n",
       "      <th>spot_id</th>\n",
       "      <th>Epithelial</th>\n",
       "      <th>Myeloid</th>\n",
       "      <th>Stromal</th>\n",
       "      <th>T_cell</th>\n",
       "    </tr>\n",
       "  </thead>\n",
       "  <tbody>\n",
       "    <tr>\n",
       "      <th>0</th>\n",
       "      <td>s1</td>\n",
       "      <td>0.447001</td>\n",
       "      <td>0.482486</td>\n",
       "      <td>0.624024</td>\n",
       "      <td>0.977574</td>\n",
       "    </tr>\n",
       "    <tr>\n",
       "      <th>1</th>\n",
       "      <td>s2</td>\n",
       "      <td>0.448535</td>\n",
       "      <td>0.991978</td>\n",
       "      <td>0.826439</td>\n",
       "      <td>0.503762</td>\n",
       "    </tr>\n",
       "    <tr>\n",
       "      <th>2</th>\n",
       "      <td>s3</td>\n",
       "      <td>0.998284</td>\n",
       "      <td>0.438651</td>\n",
       "      <td>0.729804</td>\n",
       "      <td>0.297293</td>\n",
       "    </tr>\n",
       "    <tr>\n",
       "      <th>3</th>\n",
       "      <td>s4</td>\n",
       "      <td>0.780868</td>\n",
       "      <td>0.833116</td>\n",
       "      <td>0.985908</td>\n",
       "      <td>0.549210</td>\n",
       "    </tr>\n",
       "    <tr>\n",
       "      <th>4</th>\n",
       "      <td>s5</td>\n",
       "      <td>0.466688</td>\n",
       "      <td>0.603815</td>\n",
       "      <td>0.664420</td>\n",
       "      <td>0.957095</td>\n",
       "    </tr>\n",
       "    <tr>\n",
       "      <th>5</th>\n",
       "      <td>s6</td>\n",
       "      <td>0.564617</td>\n",
       "      <td>0.987046</td>\n",
       "      <td>0.882503</td>\n",
       "      <td>0.417557</td>\n",
       "    </tr>\n",
       "    <tr>\n",
       "      <th>6</th>\n",
       "      <td>s7</td>\n",
       "      <td>0.983533</td>\n",
       "      <td>0.577137</td>\n",
       "      <td>0.814655</td>\n",
       "      <td>0.364990</td>\n",
       "    </tr>\n",
       "    <tr>\n",
       "      <th>7</th>\n",
       "      <td>s8</td>\n",
       "      <td>0.704461</td>\n",
       "      <td>0.851088</td>\n",
       "      <td>0.993915</td>\n",
       "      <td>0.549781</td>\n",
       "    </tr>\n",
       "  </tbody>\n",
       "</table>\n",
       "</div>"
      ],
      "text/plain": [
       "  spot_id  Epithelial   Myeloid   Stromal    T_cell\n",
       "0      s1    0.447001  0.482486  0.624024  0.977574\n",
       "1      s2    0.448535  0.991978  0.826439  0.503762\n",
       "2      s3    0.998284  0.438651  0.729804  0.297293\n",
       "3      s4    0.780868  0.833116  0.985908  0.549210\n",
       "4      s5    0.466688  0.603815  0.664420  0.957095\n",
       "5      s6    0.564617  0.987046  0.882503  0.417557\n",
       "6      s7    0.983533  0.577137  0.814655  0.364990\n",
       "7      s8    0.704461  0.851088  0.993915  0.549781"
      ]
     },
     "execution_count": 3,
     "metadata": {},
     "output_type": "execute_result"
    }
   ],
   "source": [
    "scores_df = score_spots_against_signatures(spatial_df, signatures_df)\n",
    "scores_df"
   ]
  },
  {
   "cell_type": "code",
   "execution_count": 6,
   "id": "3e66ab05",
   "metadata": {},
   "outputs": [
    {
     "data": {
      "text/html": [
       "<div>\n",
       "<style scoped>\n",
       "    .dataframe tbody tr th:only-of-type {\n",
       "        vertical-align: middle;\n",
       "    }\n",
       "\n",
       "    .dataframe tbody tr th {\n",
       "        vertical-align: top;\n",
       "    }\n",
       "\n",
       "    .dataframe thead th {\n",
       "        text-align: right;\n",
       "    }\n",
       "</style>\n",
       "<table border=\"1\" class=\"dataframe\">\n",
       "  <thead>\n",
       "    <tr style=\"text-align: right;\">\n",
       "      <th></th>\n",
       "      <th>spot_id</th>\n",
       "      <th>Epithelial</th>\n",
       "      <th>Myeloid</th>\n",
       "      <th>Stromal</th>\n",
       "      <th>T_cell</th>\n",
       "    </tr>\n",
       "  </thead>\n",
       "  <tbody>\n",
       "    <tr>\n",
       "      <th>0</th>\n",
       "      <td>s1</td>\n",
       "      <td>0.176605</td>\n",
       "      <td>0.190624</td>\n",
       "      <td>0.246544</td>\n",
       "      <td>0.386227</td>\n",
       "    </tr>\n",
       "    <tr>\n",
       "      <th>1</th>\n",
       "      <td>s2</td>\n",
       "      <td>0.161884</td>\n",
       "      <td>0.358023</td>\n",
       "      <td>0.298277</td>\n",
       "      <td>0.181817</td>\n",
       "    </tr>\n",
       "    <tr>\n",
       "      <th>2</th>\n",
       "      <td>s3</td>\n",
       "      <td>0.405142</td>\n",
       "      <td>0.178022</td>\n",
       "      <td>0.296183</td>\n",
       "      <td>0.120653</td>\n",
       "    </tr>\n",
       "    <tr>\n",
       "      <th>3</th>\n",
       "      <td>s4</td>\n",
       "      <td>0.247965</td>\n",
       "      <td>0.264557</td>\n",
       "      <td>0.313076</td>\n",
       "      <td>0.174402</td>\n",
       "    </tr>\n",
       "    <tr>\n",
       "      <th>4</th>\n",
       "      <td>s5</td>\n",
       "      <td>0.173360</td>\n",
       "      <td>0.224298</td>\n",
       "      <td>0.246811</td>\n",
       "      <td>0.355531</td>\n",
       "    </tr>\n",
       "    <tr>\n",
       "      <th>5</th>\n",
       "      <td>s6</td>\n",
       "      <td>0.197992</td>\n",
       "      <td>0.346123</td>\n",
       "      <td>0.309463</td>\n",
       "      <td>0.146423</td>\n",
       "    </tr>\n",
       "    <tr>\n",
       "      <th>6</th>\n",
       "      <td>s7</td>\n",
       "      <td>0.358912</td>\n",
       "      <td>0.210610</td>\n",
       "      <td>0.297285</td>\n",
       "      <td>0.133193</td>\n",
       "    </tr>\n",
       "    <tr>\n",
       "      <th>7</th>\n",
       "      <td>s8</td>\n",
       "      <td>0.227301</td>\n",
       "      <td>0.274611</td>\n",
       "      <td>0.320696</td>\n",
       "      <td>0.177392</td>\n",
       "    </tr>\n",
       "  </tbody>\n",
       "</table>\n",
       "</div>"
      ],
      "text/plain": [
       "  spot_id  Epithelial   Myeloid   Stromal    T_cell\n",
       "0      s1    0.176605  0.190624  0.246544  0.386227\n",
       "1      s2    0.161884  0.358023  0.298277  0.181817\n",
       "2      s3    0.405142  0.178022  0.296183  0.120653\n",
       "3      s4    0.247965  0.264557  0.313076  0.174402\n",
       "4      s5    0.173360  0.224298  0.246811  0.355531\n",
       "5      s6    0.197992  0.346123  0.309463  0.146423\n",
       "6      s7    0.358912  0.210610  0.297285  0.133193\n",
       "7      s8    0.227301  0.274611  0.320696  0.177392"
      ]
     },
     "execution_count": 6,
     "metadata": {},
     "output_type": "execute_result"
    }
   ],
   "source": [
    "composition_df = normalise_scores_to_composition(scores_df)\n",
    "composition_df"
   ]
  },
  {
   "cell_type": "code",
   "execution_count": 7,
   "id": "f49c0a73",
   "metadata": {},
   "outputs": [],
   "source": [
    "Path(\"../data/output\").mkdir(parents=True, exist_ok=True)\n",
    "Path(\"../figures\").mkdir(parents=True, exist_ok=True)\n",
    "\n",
    "scores_df.to_csv(\"../data/output/spot_celltype_scores.csv\", index=False)\n",
    "composition_df.to_csv(\"../data/output/spot_celltype_composition.csv\", index=False)\n",
    "\n",
    "save_celltype_composition_heatmap(\n",
    "    composition_df,\n",
    "    \"../figures/celltype_composition_heatmap.png\"\n",
    ")"
   ]
  },
  {
   "cell_type": "code",
   "execution_count": null,
   "id": "afbc1fe6",
   "metadata": {},
   "outputs": [],
   "source": [
    "The scoring results suggest that different spatial spots are preferentially aligned to different reference-derived cell-type signatures. After normalisation, these scores can be interpreted as relative composition estimates, providing a simplified view of how cell states may be distributed across spatial locations."
   ]
  }
 ],
 "metadata": {
  "kernelspec": {
   "display_name": "venv (3.9.6)",
   "language": "python",
   "name": "python3"
  },
  "language_info": {
   "codemirror_mode": {
    "name": "ipython",
    "version": 3
   },
   "file_extension": ".py",
   "mimetype": "text/x-python",
   "name": "python",
   "nbconvert_exporter": "python",
   "pygments_lexer": "ipython3",
   "version": "3.9.6"
  }
 },
 "nbformat": 4,
 "nbformat_minor": 5
}
